1 0
2 0
3 218
4 12
5 114
6 25
7 133
8 37
9 214
10 48
11 41
12 59
13 74
14 68
15 8
16 76
17 60
18 82
19 197
20 86
21 140
22 89
23 130
24 90
25 163
26 89
27 243
28 86
29 128
30 82
31 97
32 76
33 182
34 68
35 166
36 59
37 96
38 49
39 27
40 38
41 16
42 26
43 125
44 13
45 165
46 0
47 201
48 243
49 45
50 231
51 18
52 219
53 182
54 207
55 84
56 197
57 35
58 188
59 82
60 180
61 10
62 174
63 107
64 169
65 141
66 166
67 127
68 165
69 70
70 166
71 223
72 168
73 61
74 173
75 71
76 179
77 223
78 186
79 223
80 195
81 22
82 206
83 80
84 217
85 82
86 229
87 223
88 241
89 182
90 254
91 147
92 11
93 52
94 24
95 88
96 36
97 190
98 47
99 46
100 58
101 111
102 67
103 83
104 75
105 176
106 81
107 101
108 86
109 90
110 89
111 127
112 90
113 207
114 89
115 77
116 87
117 6
118 83
119 16
120 77
121 139
122 69
123 156
124 60
125 116
126 50
127 69
128 39
129 75
130 27
131 195
132 14
133 239
134 1
135 17
136 245
137 107
138 232
139 64
140 220
141 206
142 208
143 81
144 198
145 255
146 188
147 9
148 181
149 152
150 174
151 205
152 169
153 193
154 166
155 133
156 165
157 29
158 166
159 136
160 168
161 185
162 172
163 154
164 178
165 12
166 186
167 233
168 194
169 4
170 205
171 38
172 216
173 24
174 228
175 154
176 240
177 108
178 253
179 75
180 10
181 245
182 22
183 40
184 35
185 165
186 46
187 47
188 57
189 145
190 66
191 154
192 74
193 31
194 81
195 0
196 86
197 35
198 89
199 119
200 90
201 245
202 89
203 162
204 87
205 135
206 83
207 187
208 77
209 92
210 70
211 144
212 61
213 132
214 51
215 110
216 40
217 133
218 28
219 9
220 16
221 57
222 3
223 89
224 246
225 170
226 233
227 112
228 221
229 233
230 209
231 81
232 199
233 223
234 189
235 196
236 181
237 42
238 175
239 52
240 170
241 251
242 166
243 143
244 165
245 249
246 165
247 54
248 168
249 58
250 172
251 241
252 177
253 61
254 185
255 247
256 193
257 244
258 203
259 255
260 214
261 222
262 226
263 85
264 239
265 34
266 252
267 3
268 9
269 181
270 21
271 247
272 33
273 137
274 45
275 46
276 56
277 176
278 65
279 221
280 73
281 139
282 80
283 151
284 85
285 231
286 88
287 106
288 90
289 23
290 90
291 242
292 87
293 4
294 84
295 98
296 78
297 42
298 71
299 128
300 62
301 147
302 52
303 148
304 41
305 190
306 29
307 77
308 17
309 131
310 4
311 161
312 247
313 235
314 234
315 162
316 222
317 6
318 211
319 84
320 200
321 194
322 190
323 131
324 182
325 193
326 175
327 159
328 170
329 57
330 167
331 158
332 165
333 217
334 165
335 232
336 167
337 191
338 171
339 76
340 177
341 113
342 184
343 9
344 193
345 231
346 202
347 218
348 213
349 167
350 225
351 17
352 238
353 216
354 250
355 186
356 7
357 116
358 20
359 196
360 32
361 106
362 44
363 42
364 55
365 203
366 64
367 28
368 73
369 242
370 79
371 41
372 85
373 167
374 88
375 88
376 90
377 53
378 90
379 62
380 88
381 125
382 84
383 5
384 79
385 244
386 71
387 110
388 63
389 158
390 53
391 184
392 42
393 245
394 30
395 145
396 18
397 205
398 5
399 234
400 248
401 45
402 236
403 214
404 223
405 38
406 212
407 90
408 201
409 169
410 191
411 70
412 183
413 92
414 176
415 15
416 171
417 123
418 167
419 178
420 165
421 190
422 165
423 158
424 167
425 73
426 171
427 171
428 176
429 168
430 183
431 29
432 192
433 221
434 201
435 183
436 212
437 112
438 224
439 206
440 236
441 143
442 249
443 113
444 6
445 50
446 19
447 144
448 31
449 73
450 43
451 35
452 54
453 227
454 63
455 88
456 72
457 85
458 79
459 183
460 84
461 98
462 88
463 66
464 90
465 78
466 90
467 133
468 88
469 241
470 84
471 164
472 79
473 186
474 72
475 87
476 64
477 166
478 54
479 218
480 43
481 42
482 32
483 211
484 19
485 22
486 7
487 51
488 250
489 111
490 237
491 11
492 225
493 72
494 213
495 98
496 202
497 146
498 192
499 12
500 184
501 251
502 176
503 131
504 171
505 194
506 167
507 203
508 165
509 168
510 165
511 89
512 167
513 215
514 170
515 14
516 176
517 228
518 182
519 53
520 191
521 214
522 200
523 150
524 211
525 60
526 223
527 140
528 235
529 70
530 248
531 40
532 5
533 239
534 17
535 89
536 30
537 38
538 42
539 25
540 53
541 247
542 62
543 143
544 71
545 180
546 78
547 65
548 84
549 24
550 88
551 39
552 90
553 98
554 90
555 199
556 88
557 97
558 85
559 63
560 80
561 125
562 73
563 62
564 65
565 172
566 55
567 250
568 44
569 94
570 33
571 21
572 21
573 95
574 8
575 125
576 251
577 179
578 238
579 66
580 226
581 108
582 214
583 109
584 203
585 128
586 193
587 214
588 184
589 158
590 177
591 252
592 171
593 14
594 168
595 233
596 165
597 150
598 165
599 25
600 167
601 105
602 170
603 117
604 175
605 35
606 182
607 80
608 190
609 210
610 199
611 119
612 210
613 9
614 222
615 75
616 234
617 253
618 246
619 222
620 3
621 171
622 16
623 34
624 29
625 1
626 41
627 12
628 52
629 9
630 62
631 195
632 70
633 15
634 78
635 198
636 83
637 202
638 87
639 7
640 90
641 113
642 90
643 5
644 89
645 204
646 85
647 214
648 80
649 60
650 74
651 33
652 66
653 175
654 56
655 23
656 46
657 144
658 34
659 86
660 22
661 167
662 9
663 199
664 252
665 247
666 239
667 123
668 227
669 146
670 215
671 124
672 204
673 112
674 194
675 164
676 185
677 69
678 178
679 121
680 172
681 94
682 168
683 11
684 166
685 137
686 165
687 221
688 166
689 0
690 170
691 225
692 174
693 102
694 181
695 111
696 189
697 209
698 198
699 91
700 209
701 216
702 220
703 11
704 233
705 181
706 245
707 148
708 2
709 102
710 15
711 232
712 27
713 218
714 39
715 252
716 50
717 23
718 61
719 244
720 69
721 102
722 77
723 71
724 83
725 120
726 87
727 227
728 89
729 123
730 90
731 63
732 89
733 51
734 86
735 104
736 81
737 247
738 74
739 1
740 67
741 175
742 57
743 50
744 47
745 192
746 35
747 149
748 23
749 239
750 10
751 17
752 254
753 61
754 241
755 181
756 228
757 187
758 216
759 140
760 205
761 100
762 195
763 117
764 186
765 240
766 178
767 250
768 172
769 179
770 168
771 49
772 166
773 129
774 165
775 166
776 166
777 155
778 169
779 80
780 174
781 173
782 180
783 145
784 188
785 210
786 197
787 66
788 208
789 168
790 219
791 204
792 231
793 109
794 244
795 74
796 1
797 33
798 14
799 174
800 26
801 176
802 38
803 234
804 49
805 33
806 60
807 33
808 69
809 185
810 76
811 195
812 82
813 33
814 87
815 186
816 89
817 129
818 90
819 115
820 89
821 149
822 86
823 246
824 81
825 174
826 75
827 221
828 67
829 172
830 58
831 74
832 48
833 238
834 36
835 211
836 24
837 55
838 12
839 91
840 255
841 131
842 242
843 240
844 229
845 229
846 217
847 160
848 206
849 90
850 196
851 74
852 187
853 159
854 179
855 128
856 173
857 13
858 169
859 93
860 166
861 126
862 165
863 116
864 166
865 59
866 169
867 196
868 173
869 248
870 179
871 182
872 187
873 215
874 196
875 42
876 207
877 123
878 218
879 142
880 230
881 38
882 243
883 0
884 0
885 218
886 12
887 114
888 25
889 133
890 37
891 214
892 48
893 41
894 59
895 74
896 68
897 8
898 76
899 60
900 82
901 197
902 86
903 140
904 89
905 130
906 90
907 163
908 89
909 243
910 86
911 128
912 82
913 97
914 76
915 182
916 68
917 166
918 59
919 96
920 49
921 27
922 38
923 16
924 26
925 125
926 13
927 165
928 0
929 201
930 243
931 45
932 231
933 18
934 219
935 182
936 207
937 84
938 197
939 35
940 188
941 82
942 180
943 10
944 174
945 107
946 169
947 141
948 166
949 127
950 165
951 70
952 166
953 223
954 168
955 61
956 173
957 71
958 179
959 223
960 186
961 223
962 195
963 22
964 206
965 80
966 217
967 82
968 229
969 223
970 241
971 182
972 254
973 147
974 11
975 52
976 24
977 88
978 36
979 190
980 47
981 46
982 58
983 111
984 67
985 83
986 75
987 176
988 81
989 101
990 86
991 90
992 89
993 127
994 90
995 207
996 89
997 77
998 87
999 6
1000 83
1001 16
1002 77
1003 139
1004 69
1005 156
1006 60
1007 116
1008 50
1009 69
1010 39
1011 75
1012 27
1013 195
1014 14
1015 239
1016 1
1017 17
1018 245
1019 107
1020 232
1021 64
1022 220
1023 206
1024 208
1025 81
1026 198
1027 255
1028 188
1029 9
1030 181
1031 152
1032 174
1033 205
1034 169
1035 193
1036 166
1037 133
1038 165
1039 29
1040 166
1041 136
1042 168
1043 185
1044 172
1045 154
1046 178
1047 12
1048 186
1049 233
1050 194
1051 4
1052 205
1053 38
1054 216
1055 24
1056 228
1057 154
1058 240
1059 108
1060 253
1061 75
1062 10
1063 245
1064 22
1065 40
1066 35
1067 165
1068 46
1069 47
1070 57
1071 145
1072 66
1073 154
1074 74
1075 31
1076 81
1077 0
1078 86
1079 35
1080 89
1081 119
1082 90
1083 245
1084 89
1085 162
1086 87
1087 135
1088 83
1089 187
1090 77
1091 92
1092 70
1093 144
1094 61
1095 132
1096 51
1097 110
1098 40
1099 133
1100 28
1101 9
1102 16
1103 57
1104 3
1105 89
1106 246
1107 170
1108 233
1109 112
1110 221
1111 233
1112 209
1113 81
1114 199
1115 223
1116 189
1117 196
1118 181
1119 42
1120 175
1121 52
1122 170
1123 251
1124 166
1125 143
1126 165
1127 249
1128 165
1129 54
1130 168
1131 58
1132 172
1133 241
1134 177
1135 61
1136 185
1137 247
1138 193
1139 244
1140 203
1141 255
1142 214
1143 222
1144 226
1145 85
1146 239
1147 34
1148 252
1149 3
1150 9
1151 181
1152 21
1153 247
1154 33
1155 137
1156 45
1157 46
1158 56
1159 176
1160 65
1161 221
1162 73
1163 139
1164 80
1165 151
1166 85
1167 231
1168 88
1169 106
1170 90
1171 23
1172 90
1173 242
1174 87
1175 4
1176 84
1177 98
1178 78
1179 42
1180 71
1181 128
1182 62
1183 147
1184 52
1185 148
1186 41
1187 190
1188 29
1189 77
1190 17
1191 131
1192 4
1193 161
1194 247
1195 235
1196 234
1197 162
1198 222
1199 6
1200 211
1201 84
1202 200
1203 194
1204 190
1205 131
1206 182
1207 193
1208 175
1209 159
1210 170
1211 57
1212 167
1213 158
1214 165
1215 217
1216 165
1217 232
1218 167
1219 191
1220 171
1221 76
1222 177
1223 113
1224 184
1225 9
1226 193
1227 231
1228 202
1229 218
1230 213
1231 167
1232 225
1233 17
1234 238
1235 216
1236 250
1237 186
1238 7
1239 116
1240 20
1241 196
1242 32
1243 106
1244 44
1245 42
1246 55
1247 203
1248 64
1249 28
1250 73
1251 242
1252 79
1253 41
1254 85
1255 167
1256 88
1257 88
1258 90
1259 53
1260 90
1261 62
1262 88
1263 125
1264 84
1265 5
1266 79
1267 244
1268 71
1269 110
1270 63
1271 158
1272 53
1273 184
1274 42
1275 245
1276 30
1277 145
1278 18
1279 205
1280 5
1281 234
1282 248
1283 45
1284 236
1285 214
1286 223
1287 38
1288 212
1289 90
1290 201
1291 169
1292 191
1293 70
1294 183
1295 92
1296 176
1297 15
1298 171
1299 123
1300 167
1301 178
1302 165
1303 190
1304 165
1305 158
1306 167
1307 73
1308 171
1309 171
1310 176
1311 168
1312 183
1313 29
1314 192
1315 221
1316 201
1317 183
1318 212
1319 112
1320 224
1321 206
1322 236
1323 143
1324 249
1325 113
1326 6
1327 50
1328 19
1329 144
1330 31
1331 73
1332 43
1333 35
1334 54
1335 227
1336 63
1337 88
1338 72
1339 85
1340 79
1341 183
1342 84
1343 98
1344 88
1345 66
1346 90
1347 78
1348 90
1349 133
1350 88
1351 241
1352 84
1353 164
1354 79
1355 186
1356 72
1357 87
1358 64
1359 166
1360 54
1361 218
1362 43
1363 42
1364 32
1365 211
1366 19
1367 22
1368 7
1369 51
1370 250
1371 111
1372 237
1373 11
1374 225
1375 72
1376 213
1377 98
1378 202
1379 146
1380 192
1381 12
1382 184
1383 251
1384 176
1385 131
1386 171
1387 194
1388 167
1389 203
1390 165
1391 168
1392 165
1393 89
1394 167
1395 215
1396 170
1397 14
1398 176
1399 228
1400 182
1401 53
1402 191
1403 214
1404 200
1405 150
1406 211
1407 60
1408 223
1409 140
1410 235
1411 70
1412 248
1413 40
1414 5
1415 239
1416 17
1417 89
1418 30
1419 38
1420 42
1421 25
1422 53
1423 247
1424 62
1425 143
1426 71
1427 180
1428 78
1429 65
1430 84
1431 24
1432 88
1433 39
1434 90
1435 98
1436 90
1437 199
1438 88
1439 97
1440 85
1441 63
1442 80
1443 125
1444 73
1445 62
1446 65
1447 172
1448 55
1449 250
1450 44
1451 94
1452 33
1453 21
1454 21
1455 95
1456 8
1457 125
1458 251
1459 179
1460 238
1461 66
1462 226
1463 108
1464 214
1465 109
1466 203
1467 128
1468 193
1469 214
1470 184
1471 158
1472 177
1473 252
1474 171
1475 14
1476 168
1477 233
1478 165
1479 150
1480 165
1481 25
1482 167
1483 105
1484 170
1485 117
1486 175
1487 35
1488 182
1489 80
1490 190
1491 210
1492 199
1493 119
1494 210
1495 9
1496 222
1497 75
1498 234
1499 253
1500 246
1501 222
1502 3
1503 171
1504 16
1505 34
1506 29
1507 1
1508 41
1509 12
1510 52
1511 9
1512 62
1513 195
1514 70
1515 15
1516 78
1517 198
1518 83
1519 202
1520 87
1521 7
1522 90
1523 113
1524 90
1525 5
1526 89
1527 204
1528 85
1529 214
1530 80
1531 60
1532 74
1533 33
1534 66
1535 175
1536 56
1537 23
1538 46
1539 144
1540 34
1541 86
1542 22
1543 167
1544 9
1545 199
1546 252
1547 247
1548 239
1549 123
1550 227
1551 146
1552 215
1553 124
1554 204
1555 112
1556 194
1557 164
1558 185
1559 69
1560 178
1561 121
1562 172
1563 94
1564 168
1565 11
1566 166
1567 137
1568 165
1569 221
1570 166
1571 0
1572 170
1573 225
1574 174
1575 102
1576 181
1577 111
1578 189
1579 209
1580 198
1581 91
1582 209
1583 216
1584 220
1585 11
1586 233
1587 181
1588 245
1589 148
1590 2
1591 102
1592 15
1593 232
1594 27
1595 218
1596 39
1597 252
1598 50
1599 23
1600 61
1601 244
1602 69
1603 102
1604 77
1605 71
1606 83
1607 120
1608 87
1609 227
1610 89
1611 123
1612 90
1613 63
1614 89
1615 51
1616 86
1617 104
1618 81
1619 247
1620 74
1621 1
1622 67
1623 175
1624 57
1625 50
1626 47
1627 192
1628 35
1629 149
1630 23
1631 239
1632 10
1633 17
1634 254
1635 61
1636 241
1637 181
1638 228
1639 187
1640 216
1641 140
1642 205
1643 100
1644 195
1645 117
1646 186
1647 240
1648 178
1649 250
1650 172
1651 179
1652 168
1653 49
1654 166
1655 129
1656 165
1657 166
1658 166
1659 155
1660 169
1661 80
1662 174
1663 173
1664 180
1665 145
1666 188
1667 210
1668 197
1669 66
1670 208
1671 168
1672 219
1673 204
1674 231
1675 109
1676 244
1677 74
1678 1
1679 33
1680 14
1681 174
1682 26
1683 176
1684 38
1685 234
1686 49
1687 33
1688 60
1689 33
1690 69
1691 185
1692 76
1693 195
1694 82
1695 33
1696 87
1697 186
1698 89
1699 129
1700 90
1701 115
1702 89
1703 149
1704 86
1705 246
1706 81
1707 174
1708 75
1709 221
1710 67
1711 172
1712 58
1713 74
1714 48
1715 238
1716 36
1717 211
1718 24
1719 55
1720 12
1721 91
1722 255
1723 131
1724 242
1725 240
1726 229
1727 229
1728 217
1729 160
1730 206
1731 90
1732 196
1733 74
1734 187
1735 159
1736 179
1737 128
1738 173
1739 13
1740 169
1741 93
1742 166
1743 126
1744 165
1745 116
1746 166
1747 59
1748 169
1749 196
1750 173
1751 248
1752 179
1753 182
1754 187
1755 215
1756 196
1757 42
1758 207
1759 123
1760 218
1761 142
1762 230
1763 38
1764 243
1765 0
1766 0
1767 218
1768 12
1769 114
1770 25
1771 133
1772 37
1773 214
1774 48
1775 41
1776 59
1777 74
1778 68
1779 8
1780 76
1781 60
1782 82
1783 197
1784 86
1785 140
1786 89
1787 130
1788 90
1789 163
1790 89
1791 243
1792 86
1793 128
1794 82
1795 97
1796 76
1797 182
1798 68
1799 166
1800 59
1801 96
1802 49
1803 27
1804 38
1805 16
1806 26
1807 125
1808 13
1809 165
1810 0
1811 201
1812 243
1813 45
1814 231
1815 18
1816 219
1817 182
1818 207
1819 84
1820 197
1821 35
1822 188
1823 82
1824 180
1825 10
1826 174
1827 107
1828 169
1829 141
1830 166
1831 127
1832 165
1833 70
1834 166
1835 223
1836 168
1837 61
1838 173
1839 71
1840 179
1841 223
1842 186
1843 223
1844 195
1845 22
1846 206
1847 80
1848 217
1849 82
1850 229
1851 223
1852 241
1853 182
1854 254
1855 147
1856 11
1857 52
1858 24
1859 88
1860 36
1861 190
1862 47
1863 46
1864 58
1865 111
1866 67
1867 83
1868 75
1869 176
1870 81
1871 101
1872 86
1873 90
1874 89
1875 127
1876 90
1877 207
1878 89
1879 77
1880 87
1881 6
1882 83
1883 16
1884 77
1885 139
1886 69
1887 156
1888 60
1889 116
1890 50
1891 69
1892 39
1893 75
1894 27
1895 195
1896 14
1897 239
1898 1
1899 17
1900 245
1901 107
1902 232
1903 64
1904 220
1905 206
1906 208
1907 81
1908 198
1909 255
1910 188
1911 9
1912 181
1913 152
1914 174
1915 205
1916 169
1917 193
1918 166
1919 133
1920 165
1921 29
1922 166
1923 136
1924 168
1925 185
1926 172
1927 154
1928 178
1929 12
1930 186
1931 233
1932 194
1933 4
1934 205
1935 38
1936 216
1937 24
1938 228
1939 154
1940 240
1941 108
1942 253
1943 75
1944 10
1945 245
1946 22
1947 40
1948 35
1949 165
1950 46
1951 47
1952 57
1953 145
1954 66
1955 154
1956 74
1957 31
1958 81
1959 0
1960 86
1961 35
1962 89
1963 119
1964 90
1965 245
1966 89
1967 162
1968 87
1969 135
1970 83
1971 187
1972 77
1973 92
1974 70
1975 144
1976 61
1977 132
1978 51
1979 110
1980 40
1981 133
1982 28
1983 9
1984 16
1985 57
1986 3
1987 89
1988 246
1989 170
1990 233
1991 112
1992 221
1993 233
1994 209
1995 81
1996 199
1997 223
1998 189
1999 196
2000 181
2001 42
2002 175
2003 52
2004 170
2005 251
2006 166
2007 143
2008 165
2009 249
2010 165
2011 54
2012 168
2013 58
2014 172
2015 241
2016 177
2017 61
2018 185
2019 247
2020 193
2021 244
2022 203
2023 255
2024 214
2025 222
2026 226
2027 85
2028 239
2029 34
2030 252
2031 3
2032 9
2033 181
2034 21
2035 247
2036 33
2037 137
2038 45
2039 46
2040 56
2041 176
2042 65
2043 221
2044 73
2045 139
2046 80
2047 151
2048 85
2049 231
2050 88
2051 106
2052 90
2053 23
2054 90
2055 242
2056 87
2057 4
2058 84
2059 98
2060 78
2061 42
2062 71
2063 128
2064 62
2065 147
2066 52
2067 148
2068 41
2069 190
2070 29
2071 77
2072 17
2073 131
2074 4
2075 161
2076 247
2077 235
2078 234
2079 162
2080 222
2081 6
2082 211
2083 84
2084 200
2085 194
2086 190
2087 131
2088 182
2089 193
2090 175
2091 159
2092 170
2093 57
2094 167
2095 158
2096 165
2097 217
2098 165
2099 232
2100 167
2101 191
2102 171
2103 76
2104 177
2105 113
2106 184
2107 9
2108 193
2109 231
2110 202
2111 218
2112 213
2113 167
2114 225
2115 17
2116 238
2117 216
2118 250
2119 186
2120 7
2121 116
2122 20
2123 196
2124 32
2125 106
2126 44
2127 42
2128 55
2129 203
2130 64
2131 28
2132 73
2133 242
2134 79
2135 41
2136 85
2137 167
2138 88
2139 88
2140 90
2141 53
2142 90
2143 62
2144 88
2145 125
2146 84
2147 5
2148 79
2149 244
2150 71
2151 110
2152 63
2153 158
2154 53
2155 184
2156 42
2157 245
2158 30
2159 145
2160 18
2161 205
2162 5
2163 234
2164 248
2165 45
2166 236
2167 214
2168 223
2169 38
2170 212
2171 90
2172 201
2173 169
2174 191
2175 70
2176 183
2177 92
2178 176
2179 15
2180 171
2181 123
2182 167
2183 178
2184 165
2185 190
2186 165
2187 158
2188 167
2189 73
2190 171
2191 171
2192 176
2193 168
2194 183
2195 29
2196 192
2197 221
2198 201
2199 183
2200 212
2201 112
2202 224
2203 206
2204 236
2205 143
2206 249
2207 113
2208 6
2209 50
2210 19
2211 144
2212 31
2213 73
2214 43
2215 35
2216 54
2217 227
2218 63
2219 88
2220 72
2221 85
2222 79
2223 183
2224 84
2225 98
2226 88
2227 66
2228 90
2229 78
2230 90
2231 133
2232 88
2233 241
2234 84
2235 164
2236 79
2237 186
2238 72
2239 87
2240 64
2241 166
2242 54
2243 218
2244 43
2245 42
2246 32
2247 211
2248 19
2249 22
2250 7
2251 51
2252 250
2253 111
2254 237
2255 11
2256 225
2257 72
2258 213
2259 98
2260 202
2261 146
2262 192
2263 12
2264 184
2265 251
2266 176
2267 131
2268 171
2269 194
2270 167
2271 203
2272 165
2273 168
2274 165
2275 89
2276 167
2277 215
2278 170
2279 14
2280 176
2281 228
2282 182
2283 53
2284 191
2285 214
2286 200
2287 150
2288 211
2289 60
2290 223
2291 140
2292 235
2293 70
2294 248
2295 40
2296 5
2297 239
2298 17
2299 89
2300 30
2301 38
2302 42
2303 25
2304 53
2305 247
2306 62
2307 143
2308 71
2309 180
2310 78
2311 65
2312 84
2313 24
2314 88
2315 39
2316 90
2317 98
2318 90
2319 199
2320 88
2321 97
2322 85
2323 63
2324 80
2325 125
2326 73
2327 62
2328 65
2329 172
2330 55
2331 250
2332 44
2333 94
2334 33
2335 21
2336 21
2337 95
2338 8
2339 125
2340 251
2341 179
2342 238
2343 66
2344 226
2345 108
2346 214
2347 109
2348 203
2349 128
2350 193
2351 214
2352 184
2353 158
2354 177
2355 252
2356 171
2357 14
2358 168
2359 233
2360 165
2361 150
2362 165
2363 25
2364 167
2365 105
2366 170
2367 117
2368 175
2369 35
2370 182
2371 80
2372 190
2373 210
2374 199
2375 119
2376 210
2377 9
2378 222
2379 75
2380 234
2381 253
2382 246
2383 222
2384 3
2385 171
2386 16
2387 34
2388 29
2389 1
2390 41
2391 12
2392 52
2393 9
2394 62
2395 195
2396 70
2397 15
2398 78
2399 198
2400 83
2401 202
2402 87
2403 7
2404 90
2405 113
2406 90
2407 5
2408 89
2409 204
2410 85
2411 214
2412 80
2413 60
2414 74
2415 33
2416 66
2417 175
2418 56
2419 23
2420 46
2421 144
2422 34
2423 86
2424 22
2425 167
2426 9
2427 199
2428 252
2429 247
2430 239
2431 123
2432 227
2433 146
2434 215
2435 124
2436 204
2437 112
2438 194
2439 164
2440 185
2441 69
2442 178
2443 121
2444 172
2445 94
2446 168
2447 11
2448 166
2449 137
2450 165
2451 221
2452 166
2453 0
2454 170
2455 225
2456 174
2457 102
2458 181
2459 111
2460 189
2461 209
2462 198
2463 91
2464 209
2465 216
2466 220
2467 11
2468 233
2469 181
2470 245
2471 148
2472 2
2473 102
2474 15
2475 232
2476 27
2477 218
2478 39
2479 252
2480 50
2481 23
2482 61
2483 244
2484 69
2485 102
2486 77
2487 71
2488 83
2489 120
2490 87
2491 227
2492 89
2493 123
2494 90
2495 63
2496 89
2497 51
2498 86
2499 104
2500 81
2501 247
2502 74
2503 1
2504 67
2505 175
2506 57
2507 50
2508 47
2509 192
2510 35
2511 149
2512 23
2513 239
2514 10
2515 17
2516 254
2517 61
2518 241
2519 181
2520 228
2521 187
2522 216
2523 140
2524 205
2525 100
2526 195
2527 117
2528 186
2529 240
2530 178
2531 250
2532 172
2533 179
2534 168
2535 49
2536 166
2537 129
2538 165
2539 166
2540 166
2541 155
2542 169
2543 80
2544 174
2545 173
2546 180
2547 145
2548 188
2549 210
2550 197
2551 66
2552 208
2553 168
2554 219
2555 204
2556 231
2557 109
2558 244
2559 74
2560 1
2561 33
2562 14
2563 174
2564 26
2565 176
2566 38
2567 234
2568 49
2569 33
2570 60
2571 33
2572 69
2573 185
2574 76
2575 195
2576 82
2577 33
2578 87
2579 186
2580 89
2581 129
2582 90
2583 115
2584 89
2585 149
2586 86
2587 246
2588 81
2589 174
2590 75
2591 221
2592 67
2593 172
2594 58
2595 74
2596 48
2597 238
2598 36
2599 211
2600 24
2601 55
2602 12
2603 91
2604 255
2605 131
2606 242
2607 240
2608 229
2609 229
2610 217
2611 160
2612 206
2613 90
2614 196
2615 74
2616 187
2617 159
2618 179
2619 128
2620 173
2621 13
2622 169
2623 93
2624 166
2625 126
2626 165
2627 116
2628 166
2629 59
2630 169
2631 196
2632 173
2633 248
2634 179
2635 182
2636 187
2637 215
2638 196
2639 42
2640 207
2641 123
2642 218
2643 142
2644 230
2645 38
2646 243
2647 0
2648 0
2649 218
2650 12
2651 114
2652 25
2653 133
2654 37
2655 214
2656 48
2657 41
2658 59
2659 74
2660 68
2661 8
2662 76
2663 60
2664 82
2665 197
2666 86
2667 140
2668 89
2669 130
2670 90
2671 163
2672 89
2673 243
2674 86
2675 128
2676 82
2677 97
2678 76
2679 182
2680 68
2681 166
2682 59
2683 96
2684 49
2685 27
2686 38
2687 16
2688 26
2689 125
2690 13
2691 165
2692 0
2693 201
2694 243
2695 45
2696 231
2697 18
2698 219
2699 182
2700 207
2701 84
2702 197
2703 35
2704 188
2705 82
2706 180
2707 10
2708 174
2709 107
2710 169
2711 141
2712 166
2713 127
2714 165
2715 70
2716 166
2717 223
2718 168
2719 61
2720 173
2721 71
2722 179
2723 223
2724 186
2725 223
2726 195
2727 22
2728 206
2729 80
2730 217
2731 82
2732 229
2733 223
2734 241
2735 182
2736 254
2737 147
2738 11
2739 52
2740 24
2741 88
2742 36
2743 190
2744 47
2745 46
2746 58
2747 111
2748 67
2749 83
2750 75
2751 176
2752 81
2753 101
2754 86
2755 90
2756 89
2757 127
2758 90
2759 207
2760 89
2761 77
2762 87
2763 6
2764 83
2765 16
2766 77
2767 139
2768 69
2769 156
2770 60
2771 116
2772 50
2773 69
2774 39
2775 75
2776 27
2777 195
2778 14
2779 239
2780 1
2781 17
2782 245
2783 107
2784 232
2785 64
2786 220
2787 206
2788 208
2789 81
2790 198
2791 255
2792 188
2793 9
2794 181
2795 152
2796 174
2797 205
2798 169
2799 193
2800 166
2801 133
2802 165
2803 29
2804 166
2805 136
2806 168
2807 185
2808 172
2809 154
2810 178
2811 12
2812 186
2813 233
2814 194
2815 4
2816 205
2817 38
2818 216
2819 24
2820 228
2821 154
2822 240
2823 108
2824 253
2825 75
2826 10
2827 245
2828 22
2829 40
2830 35
2831 165
2832 46
2833 47
2834 57
2835 145
2836 66
2837 154
2838 74
2839 31
2840 81
2841 0
2842 86
2843 35
2844 89
2845 119
2846 90
2847 245
2848 89
2849 162
2850 87
2851 135
2852 83
2853 187
2854 77
2855 92
2856 70
2857 144
2858 61
2859 132
2860 51
2861 110
2862 40
2863 133
2864 28
2865 9
2866 16
2867 57
2868 3
2869 89
2870 246
2871 170
2872 233
2873 112
2874 221
2875 233
2876 209
2877 81
2878 199
2879 223
2880 189
2881 196
2882 181
2883 42
2884 175
2885 52
2886 170
2887 251
2888 166
2889 143
2890 165
2891 249
2892 165
2893 54
2894 168
2895 58
2896 172
2897 241
2898 177
2899 61
2900 185
2901 247
2902 193
2903 244
2904 203
2905 255
2906 214
2907 222
2908 226
2909 85
2910 239
2911 34
2912 252
2913 3
2914 9
2915 181
2916 21
2917 247
2918 33
2919 137
2920 45
2921 46
2922 56
2923 176
2924 65
2925 221
2926 73
2927 139
2928 80
2929 151
2930 85
2931 231
2932 88
2933 106
2934 90
2935 23
2936 90
2937 242
2938 87
2939 4
2940 84
2941 98
2942 78
2943 42
2944 71
2945 128
2946 62
2947 147
2948 52
2949 148
2950 41
2951 190
2952 29
2953 77
2954 17
2955 131
2956 4
2957 161
2958 247
2959 235
2960 234
2961 162
2962 222
2963 6
2964 211
2965 84
2966 200
2967 194
2968 190
2969 131
2970 182
2971 193
2972 175
2973 159
2974 170
2975 57
2976 167
2977 158
2978 165
2979 217
2980 165
2981 232
2982 167
2983 191
2984 171
2985 76
2986 177
2987 113
2988 184
2989 9
2990 193
2991 231
2992 202
2993 218
2994 213
2995 167
2996 225
2997 17
2998 238
2999 216
3000 250
3001 186
3002 7
3003 116
3004 20
3005 196
3006 32
3007 106
3008 44
3009 42
3010 55
3011 203
3012 64
3013 28
3014 73
3015 242
3016 79
3017 41
3018 85
3019 167
3020 88
3021 88
3022 90
3023 53
3024 90
3025 62
3026 88
3027 125
3028 84
3029 5
3030 79
3031 244
3032 71
3033 110
3034 63
3035 158
3036 53
3037 184
3038 42
3039 245
3040 30
3041 145
3042 18
3043 205
3044 5
3045 234
3046 248
3047 45
3048 236
3049 214
3050 223
3051 38
3052 212
3053 90
3054 201
3055 169
3056 191
3057 70
3058 183
3059 92
3060 176
3061 15
3062 171
3063 123
3064 167
3065 178
3066 165
3067 190
3068 165
3069 158
3070 167
3071 73
3072 171
3073 171
3074 176
3075 168
3076 183
3077 29
3078 192
3079 221
3080 201
3081 183
3082 212
3083 112
3084 224
3085 206
3086 236
3087 143
3088 249
3089 113
3090 6
3091 50
3092 19
3093 144
3094 31
3095 73
3096 43
3097 35
3098 54
3099 227
3100 63
3101 88
3102 72
3103 85
3104 79
3105 183
3106 84
3107 98
3108 88
3109 66
3110 90
3111 78
3112 90
3113 133
3114 88
3115 241
3116 84
3117 164
3118 79
3119 186
3120 72
3121 87
3122 64
3123 166
3124 54
3125 218
3126 43
3127 42
3128 32
3129 211
3130 19
3131 22
3132 7
3133 51
3134 250
3135 111
3136 237
3137 11
3138 225
3139 72
3140 213
3141 98
3142 202
3143 146
3144 192
3145 12
3146 184
3147 251
3148 176
3149 131
3150 171
3151 194
3152 167
3153 203
3154 165
3155 168
3156 165
3157 89
3158 167
3159 215
3160 170
3161 14
3162 176
3163 228
3164 182
3165 53
3166 191
3167 214
3168 200
3169 150
3170 211
3171 60
3172 223
3173 140
3174 235
3175 70
3176 248
3177 40
3178 5
3179 239
3180 17
3181 89
3182 30
3183 38
3184 42
3185 25
3186 53
3187 247
3188 62
3189 143
3190 71
3191 180
3192 78
3193 65
3194 84
3195 24
3196 88
3197 39
3198 90
3199 98
3200 90
3201 199
3202 88
3203 97
3204 85
3205 63
3206 80
3207 125
3208 73
3209 62
3210 65
3211 172
3212 55
3213 250
3214 44
3215 94
3216 33
3217 21
3218 21
3219 95
3220 8
3221 125
3222 251
3223 179
3224 238
3225 66
3226 226
3227 108
3228 214
3229 109
3230 203
3231 128
3232 193
3233 214
3234 184
3235 158
3236 177
3237 252
3238 171
3239 14
3240 168
3241 233
3242 165
3243 150
3244 165
3245 25
3246 167
3247 105
3248 170
3249 117
3250 175
3251 35
3252 182
3253 80
3254 190
3255 210
3256 199
3257 119
3258 210
3259 9
3260 222
3261 75
3262 234
3263 253
3264 246
3265 222
3266 3
3267 171
3268 16
3269 34
3270 29
3271 1
3272 41
3273 12
3274 52
3275 9
3276 62
3277 195
3278 70
3279 15
3280 78
3281 198
3282 83
3283 202
3284 87
3285 7
3286 90
3287 113
3288 90
3289 5
3290 89
3291 204
3292 85
3293 214
3294 80
3295 60
3296 74
3297 33
3298 66
3299 175
3300 56
3301 23
3302 46
3303 144
3304 34
3305 86
3306 22
3307 167
3308 9
3309 199
3310 252
3311 247
3312 239
3313 123
3314 227
3315 146
3316 215
3317 124
3318 204
3319 112
3320 194
3321 164
3322 185
3323 69
3324 178
3325 121
3326 172
3327 94
3328 168
3329 11
3330 166
3331 137
3332 165
3333 221
3334 166
3335 0
3336 170
3337 225
3338 174
3339 102
3340 181
3341 111
3342 189
3343 209
3344 198
3345 91
3346 209
3347 216
3348 220
3349 11
3350 233
3351 181
3352 245
3353 148
3354 2
3355 102
3356 15
3357 232
3358 27
3359 218
3360 39
3361 252
3362 50
3363 23
3364 61
3365 244
3366 69
3367 102
3368 77
3369 71
3370 83
3371 120
3372 87
3373 227
3374 89
3375 123
3376 90
3377 63
3378 89
3379 51
3380 86
3381 104
3382 81
3383 247
3384 74
3385 1
3386 67
3387 175
3388 57
3389 50
3390 47
3391 192
3392 35
3393 149
3394 23
3395 239
3396 10
3397 17
3398 254
3399 61
3400 241
3401 181
3402 228
3403 187
3404 216
3405 140
3406 205
3407 100
3408 195
3409 117
3410 186
3411 240
3412 178
3413 250
3414 172
3415 179
3416 168
3417 49
3418 166
3419 129
3420 165
3421 166
3422 166
3423 155
3424 169
3425 80
3426 174
3427 173
3428 180
3429 145
3430 188
3431 210
3432 197
3433 66
3434 208
3435 168
3436 219
3437 204
3438 231
3439 109
3440 244
3441 74
3442 1
3443 33
3444 14
3445 174
3446 26
3447 176
3448 38
3449 234
3450 49
3451 33
3452 60
3453 33
3454 69
3455 185
3456 76
3457 195
3458 82
3459 33
3460 87
3461 186
3462 89
3463 129
3464 90
3465 115
3466 89
3467 149
3468 86
3469 246
3470 81
3471 174
3472 75
3473 221
3474 67
3475 172
3476 58
3477 74
3478 48
3479 238
3480 36
3481 211
3482 24
3483 55
3484 12
3485 91
3486 255
3487 131
3488 242
3489 240
3490 229
3491 229
3492 217
3493 160
3494 206
3495 90
3496 196
3497 74
3498 187
3499 159
3500 179
3501 128
3502 173
3503 13
3504 169
3505 93
3506 166
3507 126
3508 165
3509 116
3510 166
3511 59
3512 169
3513 196
3514 173
3515 248
3516 179
3517 182
3518 187
3519 215
3520 196
3521 42
3522 207
3523 123
3524 218
3525 142
3526 230
3527 38
3528 243
3529 0
3530 0
3531 218
3532 12
3533 114
3534 25
3535 133
3536 37
3537 214
3538 48
3539 41
3540 59
3541 74
3542 68
3543 8
3544 76
3545 60
3546 82
3547 197
3548 86
3549 140
3550 89
3551 130
3552 90
3553 163
3554 89
3555 243
3556 86
3557 128
3558 82
3559 97
3560 76
3561 182
3562 68
3563 166
3564 59
3565 96
3566 49
3567 27
3568 38
3569 16
3570 26
3571 125
3572 13
3573 165
3574 0
3575 201
3576 243
3577 45
3578 231
3579 18
3580 219
3581 182
3582 207
3583 84
3584 197
3585 35
3586 188
3587 82
3588 180
3589 10
3590 174
3591 107
3592 169
3593 141
3594 166
3595 127
3596 165
3597 70
3598 166
3599 223
3600 168
3601 61
3602 173
3603 71
3604 179
3605 223
3606 186
3607 223
3608 195
3609 22
3610 206
3611 80
3612 217
3613 82
3614 229
3615 223
3616 241
3617 182
3618 254
3619 147
3620 11
3621 52
3622 24
3623 88
3624 36
3625 190
3626 47
3627 46
3628 58
3629 111
3630 67
3631 83
3632 75
3633 176
3634 81
3635 101
3636 86
3637 90
3638 89
3639 127
3640 90
3641 207
3642 89
3643 77
3644 87
3645 6
3646 83
3647 16
3648 77
3649 139
3650 69
3651 156
3652 60
3653 116
3654 50
3655 69
3656 39
3657 75
3658 27
3659 195
3660 14
3661 239
3662 1
3663 17
3664 245
3665 107
3666 232
3667 64
3668 220
3669 206
3670 208
3671 81
3672 198
3673 255
3674 188
3675 9
3676 181
3677 152
3678 174
3679 205
3680 169
3681 193
3682 166
3683 133
3684 165
3685 29
3686 166
3687 136
3688 168
3689 185
3690 172
3691 154
3692 178
3693 12
3694 186
3695 233
3696 194
3697 4
3698 205
3699 38
3700 216
3701 24
3702 228
3703 154
3704 240
3705 108
3706 253
3707 75
3708 10
3709 245
3710 22
3711 40
3712 35
3713 165
3714 46
3715 47
3716 57
3717 145
3718 66
3719 154
3720 74
3721 31
3722 81
3723 0
3724 86
3725 35
3726 89
3727 119
3728 90
3729 245
3730 89
3731 162
3732 87
3733 135
3734 83
3735 187
3736 77
3737 92
3738 70
3739 144
3740 61
3741 132
3742 51
3743 110
3744 40
3745 133
3746 28
3747 9
3748 16
3749 57
3750 3
3751 89
3752 246
3753 170
3754 233
3755 112
3756 221
3757 233
3758 209
3759 81
3760 199
3761 223
3762 189
3763 196
3764 181
3765 42
3766 175
3767 52
3768 170
3769 251
3770 166
3771 143
3772 165
3773 249
3774 165
3775 54
3776 168
3777 58
3778 172
3779 241
3780 177
3781 61
3782 185
3783 247
3784 193
3785 244
3786 203
3787 255
3788 214
3789 222
3790 226
3791 85
3792 239
3793 34
3794 252
3795 3
3796 9
3797 181
3798 21
3799 247
3800 33
3801 137
3802 45
3803 46
3804 56
3805 176
3806 65
3807 221
3808 73
3809 139
3810 80
3811 151
3812 85
3813 231
3814 88
3815 106
3816 90
3817 23
3818 90
3819 242
3820 87
3821 4
3822 84
3823 98
3824 78
3825 42
3826 71
3827 128
3828 62
3829 147
3830 52
3831 148
3832 41
3833 190
3834 29
3835 77
3836 17
3837 131
3838 4
3839 161
3840 247
3841 235
3842 234
3843 162
3844 222
3845 6
3846 211
3847 84
3848 200
3849 194
3850 190
3851 131
3852 182
3853 193
3854 175
3855 159
3856 170
3857 57
3858 167
3859 158
3860 165
3861 217
3862 165
3863 232
3864 167
3865 191
3866 171
3867 76
3868 177
3869 113
3870 184
3871 9
3872 193
3873 231
3874 202
3875 218
3876 213
3877 167
3878 225
3879 17
3880 238
3881 216
3882 250
3883 186
3884 7
3885 116
3886 20
3887 196
3888 32
3889 106
3890 44
3891 42
3892 55
3893 203
3894 64
3895 28
3896 73
3897 242
3898 79
3899 41
3900 85
3901 167
3902 88
3903 88
3904 90
3905 53
3906 90
3907 62
3908 88
3909 125
3910 84
3911 5
3912 79
3913 244
3914 71
3915 110
3916 63
3917 158
3918 53
3919 184
3920 42
3921 245
3922 30
3923 145
3924 18
3925 205
3926 5
3927 234
3928 248
3929 45
3930 236
3931 214
3932 223
3933 38
3934 212
3935 90
3936 201
3937 169
3938 191
3939 70
3940 183
3941 92
3942 176
3943 15
3944 171
3945 123
3946 167
3947 178
3948 165
3949 190
3950 165
3951 158
3952 167
3953 73
3954 171
3955 171
3956 176
3957 168
3958 183
3959 29
3960 192
3961 221
3962 201
3963 183
3964 212
3965 112
3966 224
3967 206
3968 236
3969 143
3970 249
3971 113
3972 6
3973 50
3974 19
3975 144
3976 31
3977 73
3978 43
3979 35
3980 54
3981 227
3982 63
3983 88
3984 72
3985 85
3986 79
3987 183
3988 84
3989 98
3990 88
3991 66
3992 90
3993 78
3994 90
3995 133
3996 88
3997 241
3998 84
3999 164
4000 79
4001 186
4002 72
4003 87
4004 64
4005 166
4006 54
4007 218
4008 43
4009 42
4010 32
4011 211
4012 19
4013 22
4014 7
4015 51
4016 250
4017 111
4018 237
4019 11
4020 225
4021 72
4022 213
4023 98
4024 202
4025 146
4026 192
4027 12
4028 184
4029 251
4030 176
4031 131
4032 171
4033 194
4034 167
4035 203
4036 165
4037 168
4038 165
4039 89
4040 167
4041 215
4042 170
4043 14
4044 176
4045 228
4046 182
4047 53
4048 191
4049 214
4050 200
4051 150
4052 211
4053 60
4054 223
4055 140
4056 235
4057 70
4058 248
4059 40
4060 5
4061 239
4062 17
4063 89
4064 30
4065 38
4066 42
4067 25
4068 53
4069 247
4070 62
4071 143
4072 71
4073 180
4074 78
4075 65
4076 84
4077 24
4078 88
4079 39
4080 90
4081 98
4082 90
4083 199
4084 88
4085 97
4086 85
4087 63
4088 80
4089 125
4090 73
4091 62
4092 65
4093 172
4094 55
4095 250
4096 44
